approach	metaheuristica	instancia	n_tareas	bks_referencia	bks_origen	n_reps	media_gap	std_gap	mejor_gap	peor_gap	mediana_gap	reps_bks_alcanzado	pct_bks_alcanzado	media_tiempo_s	std_tiempo_s	min_tiempo_s	max_tiempo_s	tasa_factible_pct	mejor_costo	media_costo	std_costo	media_iters_totales	media_mejoras	media_n_resets	rango_media_gap_en_approach
binario_capacidad	busqueda_abejas_simple	gdb1	22	316.0	BKS	5	6.1392	3.7350	2.2152	11.3924	4.4304	0	0.0	1.94	0.29	1.58	2.36	100.0	323.0	335.40	11.80	116	2.2	0.00	1
binario_capacidad	busqueda_abejas_simple	gdb10	25	275.0	BKS	5	13.3818	3.3169	8.3636	16.3636	13.4545	0	0.0	1.67	0.62	0.99	2.27	100.0	298.0	311.80	9.12	116	1.2	0.00	2
binario_capacidad	busqueda_abejas_simple	gdb12	23	458.0	BKS	5	25.0218	2.2405	22.0524	27.5109	25.9825	0	0.0	3.45	0.59	2.78	4.31	100.0	559.0	572.60	10.26	193	17.2	0.00	1
binario_capacidad	busqueda_abejas_simple	gdb13	28	536.0	BKS	5	10.0373	2.0111	6.7164	11.5672	10.6343	0	0.0	4.99	0.76	4.23	6.09	100.0	572.0	589.80	10.78	302	28.2	0.00	1
binario_capacidad	busqueda_abejas_simple	gdb14	21	100.0	BKS	5	12.4000	1.3416	11.0000	14.0000	13.0000	0	0.0	1.92	0.19	1.70	2.15	100.0	111.0	112.40	1.34	121	6.6	0.00	1
binario_capacidad	busqueda_abejas_simple	gdb15	21	58.0	BKS	5	4.1379	2.8850	0.0000	6.8966	3.4483	1	20.0	1.20	0.37	0.80	1.80	100.0	58.0	60.40	1.67	85	1.8	0.00	1
binario_capacidad	busqueda_abejas_simple	gdb16	28	127.0	BKS	5	12.2835	2.0533	11.0236	15.7480	11.0236	0	0.0	3.06	0.86	1.53	3.63	100.0	141.0	142.60	2.61	199	12.8	0.00	3
binario_capacidad	busqueda_abejas_simple	gdb17	28	91.0	BKS	5	1.7582	0.9829	0.0000	2.1978	2.1978	1	20.0	1.31	0.14	1.20	1.54	100.0	91.0	92.60	0.89	89	0.2	0.00	1
binario_capacidad	busqueda_abejas_simple	gdb19	11	55.0	BKS	5	1.4545	1.9917	0.0000	3.6364	0.0000	3	60.0	0.89	0.41	0.62	1.61	100.0	55.0	55.80	1.10	68	4.0	0.00	1
binario_capacidad	busqueda_abejas_simple	gdb2	26	339.0	BKS	5	16.1062	3.1812	12.9794	21.2389	15.0442	0	0.0	2.26	0.29	1.92	2.72	100.0	383.0	393.60	10.78	135	5.4	0.00	1
binario_capacidad	busqueda_abejas_simple	gdb20	22	121.0	BKS	5	17.8512	5.6839	9.9174	24.7934	17.3554	0	0.0	1.94	1.09	1.12	3.86	100.0	133.0	142.60	6.88	121	8.4	0.00	2
binario_capacidad	busqueda_abejas_simple	gdb21	33	156.0	BKS	5	20.7692	3.6712	17.3077	26.2821	19.8718	0	0.0	2.13	0.36	1.77	2.52	100.0	183.0	188.40	5.73	205	15.2	0.00	2
binario_capacidad	busqueda_abejas_simple	gdb3	22	275.0	BKS	5	11.2000	2.8447	7.2727	13.8182	11.6364	0	0.0	1.77	0.43	1.37	2.49	100.0	295.0	305.80	7.82	122	3.2	0.00	1
binario_capacidad	busqueda_abejas_simple	gdb4	19	287.0	BKS	5	11.9164	3.6327	8.0139	15.6794	13.9373	0	0.0	1.46	0.23	1.27	1.75	100.0	310.0	321.20	10.43	110	4.4	0.00	1
binario_capacidad	busqueda_abejas_simple	gdb5	26	377.0	BKS	5	14.3236	2.0970	12.4668	16.9761	13.2626	0	0.0	1.93	0.30	1.60	2.38	100.0	424.0	431.00	7.91	123	8.0	0.00	1
binario_capacidad	busqueda_abejas_simple	gdb6	22	298.0	BKS	5	4.5638	2.9216	0.0000	7.7181	5.7047	1	20.0	1.57	0.36	0.98	1.93	100.0	298.0	311.60	8.71	109	2.4	0.00	1
binario_capacidad	busqueda_abejas_simple	gdb7	22	325.0	BKS	5	4.4923	0.6741	4.0000	5.2308	4.0000	0	0.0	1.21	0.25	0.93	1.57	100.0	338.0	339.60	2.19	85	0.8	0.00	1
binario_capacidad	busqueda_abejas_simple	kshs1	15	14661.0	BKS	5	4.5086	2.2088	2.2645	6.9709	4.7064	0	0.0	1.16	0.45	0.72	1.78	100.0	14993.0	15322.00	323.83	97	8.0	0.00	1
binario_capacidad	busqueda_abejas_simple	kshs2	15	9863.0	BKS	5	1.9649	0.7309	0.9125	2.6361	2.0278	0	0.0	1.00	0.25	0.62	1.31	100.0	9953.0	10056.80	72.09	82	10.4	0.00	1
binario_capacidad	busqueda_abejas_simple	kshs3	15	9320.0	BKS	5	4.3734	2.5910	0.0000	6.9528	4.9678	1	20.0	0.89	0.42	0.56	1.61	100.0	9320.0	9727.60	241.48	68	4.6	0.00	1
binario_capacidad	busqueda_abejas_simple	kshs4	15	11498.0	BKS	5	17.2830	3.8050	12.7500	22.3517	16.3246	0	0.0	1.48	0.40	1.01	2.11	100.0	12964.0	13485.20	437.50	122	15.6	0.00	3
binario_capacidad	busqueda_abejas_simple	kshs5	15	10957.0	BKS	5	13.4927	3.9141	10.3861	19.3666	11.7368	0	0.0	1.84	0.38	1.17	2.10	100.0	12095.0	12435.40	428.86	149	14.6	0.00	2
binario_capacidad	busqueda_abejas_simple	kshs6	15	10197.0	BKS	5	5.6762	5.0740	0.0000	11.1405	6.0998	1	20.0	1.14	0.27	0.81	1.52	100.0	10197.0	10775.80	517.39	97	8.2	0.00	1
binario_capacidad	busqueda_tabu_simple	gdb1		316.0	BKS	5	12.3418	0.0000	12.3418	12.3418	12.3418	0	0.0	1.31	0.15	1.13	1.50	100.0	355.0	355.00	0.00	106	1.0	0.00	2
binario_capacidad	busqueda_tabu_simple	gdb10		275.0	BKS	5	14.1818	0.0000	14.1818	14.1818	14.1818	0	0.0	1.21	0.12	1.08	1.39	100.0	314.0	314.00	0.00	110	1.0	0.00	3
binario_capacidad	busqueda_tabu_simple	gdb12		458.0	BKS	5	46.8559	5.0705	40.6114	52.4017	45.1965	0	0.0	1.50	0.18	1.40	1.82	100.0	644.0	672.60	23.22	117	8.0	0.00	3
binario_capacidad	busqueda_tabu_simple	gdb13		536.0	BKS	5	18.6940	2.2404	16.0448	21.2687	19.0299	0	0.0	1.89	0.60	1.46	2.93	100.0	622.0	636.20	12.01	149	17.6	0.00	3
binario_capacidad	busqueda_tabu_simple	gdb14		100.0	BKS	5	21.6000	3.5071	18.0000	27.0000	22.0000	0	0.0	1.15	0.13	1.02	1.36	100.0	118.0	121.60	3.51	104	3.8	0.00	3
binario_capacidad	busqueda_tabu_simple	gdb15		58.0	BKS	5	10.3448	0.0000	10.3448	10.3448	10.3448	0	0.0	1.00	0.14	0.86	1.22	100.0	64.0	64.00	0.00	100	0.0	0.00	3
binario_capacidad	busqueda_tabu_simple	gdb16		127.0	BKS	5	9.7638	2.0533	6.2992	11.0236	11.0236	0	0.0	1.83	0.30	1.45	2.25	100.0	135.0	139.40	2.61	140	10.8	0.00	2
binario_capacidad	busqueda_tabu_simple	gdb17		91.0	BKS	5	2.1978	0.0000	2.1978	2.1978	2.1978	0	0.0	1.22	0.05	1.17	1.28	100.0	93.0	93.00	0.00	100	0.0	0.00	2
binario_capacidad	busqueda_tabu_simple	gdb19		55.0	BKS	5	26.1818	5.9752	18.1818	32.7273	29.0909	0	0.0	0.79	0.11	0.66	0.95	100.0	65.0	69.40	3.29	101	1.2	0.00	3
binario_capacidad	busqueda_tabu_simple	gdb2		339.0	BKS	5	26.9027	0.1319	26.8437	27.1386	26.8437	0	0.0	1.65	0.14	1.51	1.82	100.0	430.0	430.20	0.45	129	0.8	0.00	4
binario_capacidad	busqueda_tabu_simple	gdb20		121.0	BKS	5	17.8512	4.4352	12.3967	22.3140	19.0083	0	0.0	1.31	0.13	1.19	1.46	100.0	136.0	142.60	5.37	117	9.0	0.00	3
binario_capacidad	busqueda_tabu_simple	gdb21		156.0	BKS	5	20.7692	2.9235	16.0256	23.7179	21.1538	0	0.0	1.29	0.17	1.03	1.45	100.0	181.0	188.40	4.56	148	11.2	0.00	3
binario_capacidad	busqueda_tabu_simple	gdb3		275.0	BKS	5	21.4545	0.0000	21.4545	21.4545	21.4545	0	0.0	1.24	0.14	1.10	1.46	100.0	334.0	334.00	0.00	102	1.0	0.00	3
binario_capacidad	busqueda_tabu_simple	gdb4		287.0	BKS	5	23.6934	0.0000	23.6934	23.6934	23.6934	0	0.0	1.00	0.12	0.87	1.14	100.0	355.0	355.00	0.00	108	1.2	0.00	3
binario_capacidad	busqueda_tabu_simple	gdb5		377.0	BKS	5	31.8302	0.0000	31.8302	31.8302	31.8302	0	0.0	1.33	0.05	1.27	1.41	100.0	497.0	497.00	0.00	104	2.0	0.00	4
binario_capacidad	busqueda_tabu_simple	gdb6		298.0	BKS	5	11.7450	0.0000	11.7450	11.7450	11.7450	0	0.0	1.15	0.12	1.00	1.32	100.0	333.0	333.00	0.00	100	0.0	0.00	2
binario_capacidad	busqueda_tabu_simple	gdb7		325.0	BKS	5	6.4615	0.0000	6.4615	6.4615	6.4615	0	0.0	1.13	0.09	1.03	1.23	100.0	346.0	346.00	0.00	100	0.0	0.00	2
binario_capacidad	busqueda_tabu_simple	kshs1		14661.0	BKS	5	11.0565	2.3247	8.7989	14.8489	10.9747	0	0.0	0.99	0.02	0.95	1.02	100.0	15951.0	16282.00	340.82	104	2.8	0.00	3
binario_capacidad	busqueda_tabu_simple	kshs2		9863.0	BKS	5	14.4824	3.4050	11.3454	19.2639	14.0627	0	0.0	0.98	0.08	0.90	1.08	100.0	10982.0	11291.40	335.84	104	4.2	0.00	3
binario_capacidad	busqueda_tabu_simple	kshs3		9320.0	BKS	5	13.2575	8.7646	4.1845	26.8562	10.4721	0	0.0	1.04	0.18	0.85	1.29	100.0	9710.0	10555.60	816.86	110	6.0	0.00	5
binario_capacidad	busqueda_tabu_simple	kshs4		11498.0	BKS	5	25.1122	4.1516	19.9339	29.6747	25.5523	0	0.0	1.31	0.07	1.23	1.39	100.0	13790.0	14385.40	477.36	131	13.8	0.00	5
binario_capacidad	busqueda_tabu_simple	kshs5		10957.0	BKS	5	17.9447	8.2434	7.0001	27.8543	19.8047	0	0.0	0.99	0.14	0.82	1.13	100.0	11724.0	12923.20	903.23	118	10.4	0.00	3
binario_capacidad	busqueda_tabu_simple	kshs6		10197.0	BKS	5	18.6251	7.1542	9.6107	25.5761	21.6730	0	0.0	0.84	0.08	0.74	0.94	100.0	11177.0	12096.20	729.51	106	4.6	0.00	4
binario_capacidad	cuckoo_search	gdb1	22	316.0	BKS	5	13.3544	1.2737	11.0759	13.9241	13.9241	0	0.0	0.33	0.03	0.28	0.36	100.0	351.0	358.20	4.02	66	0.2	0.00	5
binario_capacidad	cuckoo_search	gdb10	25	275.0	BKS	5	14.3273	1.3010	12.7273	16.3636	14.1818	0	0.0	0.37	0.05	0.32	0.42	100.0	310.0	314.40	3.58	75	0.8	0.00	5
binario_capacidad	cuckoo_search	gdb12	23	458.0	BKS	5	50.7424	5.4576	43.4498	58.5153	51.3100	0	0.0	0.42	0.04	0.36	0.46	100.0	657.0	690.40	25.00	69	9.4	0.00	5
binario_capacidad	cuckoo_search	gdb13	28	536.0	BKS	5	21.4925	1.3924	19.9627	23.1343	21.8284	0	0.0	0.56	0.03	0.51	0.60	0.0	643.0	651.20	7.46	84	0.6	0.00	5
binario_capacidad	cuckoo_search	gdb14	21	100.0	BKS	5	25.0000	4.4721	19.0000	31.0000	25.0000	0	0.0	0.36	0.03	0.32	0.39	100.0	119.0	125.00	4.47	63	6.6	0.00	5
binario_capacidad	cuckoo_search	gdb15	21	58.0	BKS	5	8.9655	1.8887	6.8966	10.3448	10.3448	0	0.0	0.31	0.07	0.25	0.42	100.0	62.0	63.20	1.10	63	0.0	0.00	2
binario_capacidad	cuckoo_search	gdb16	28	127.0	BKS	5	17.3228	4.0150	11.0236	22.0472	17.3228	0	0.0	0.53	0.08	0.45	0.61	100.0	141.0	149.00	5.10	84	6.8	0.00	5
binario_capacidad	cuckoo_search	gdb17	28	91.0	BKS	5	2.1978	0.0000	2.1978	2.1978	2.1978	0	0.0	0.54	0.04	0.48	0.57	100.0	93.0	93.00	0.00	84	0.0	0.00	3
binario_capacidad	cuckoo_search	gdb19	11	55.0	BKS	5	24.0000	6.0848	14.5455	29.0909	25.4545	0	0.0	0.23	0.02	0.20	0.25	100.0	63.0	68.20	3.35	50	2.0	0.00	2
binario_capacidad	cuckoo_search	gdb2	26	339.0	BKS	5	27.1386	0.0000	27.1386	27.1386	27.1386	0	0.0	0.42	0.04	0.38	0.49	100.0	431.0	431.00	0.00	78	0.0	0.00	5
binario_capacidad	cuckoo_search	gdb20	22	121.0	BKS	5	22.4793	5.2724	14.8760	28.9256	21.4876	0	0.0	0.33	0.03	0.28	0.37	60.0	139.0	148.20	6.38	66	3.6	0.00	4
binario_capacidad	cuckoo_search	gdb21	33	156.0	BKS	5	28.4615	7.7799	19.2308	39.7436	26.2821	0	0.0	0.53	0.05	0.46	0.58	100.0	186.0	200.40	12.14	99	10.8	0.00	5
binario_capacidad	cuckoo_search	gdb3	22	275.0	BKS	5	21.5273	0.1626	21.4545	21.8182	21.4545	0	0.0	0.38	0.08	0.30	0.50	100.0	334.0	334.20	0.45	66	0.8	0.00	5
binario_capacidad	cuckoo_search	gdb4	19	287.0	BKS	5	24.0418	0.7791	23.6934	25.4355	23.6934	0	0.0	0.26	0.06	0.17	0.32	100.0	355.0	356.00	2.24	57	0.8	0.00	5
binario_capacidad	cuckoo_search	gdb5	26	377.0	BKS	5	31.7772	1.5398	29.4430	33.1565	31.8302	0	0.0	0.45	0.05	0.37	0.50	100.0	488.0	496.80	5.81	78	2.4	0.00	3
binario_capacidad	cuckoo_search	gdb6	22	298.0	BKS	5	11.7450	0.0000	11.7450	11.7450	11.7450	0	0.0	0.35	0.03	0.31	0.40	100.0	333.0	333.00	0.00	66	0.0	0.00	3
binario_capacidad	cuckoo_search	gdb7	22	325.0	BKS	5	6.4615	0.0000	6.4615	6.4615	6.4615	0	0.0	0.34	0.03	0.28	0.37	100.0	346.0	346.00	0.00	66	0.0	0.00	3
binario_capacidad	cuckoo_search	kshs1	15	14661.0	BKS	5	13.9963	5.0486	9.4673	22.5223	12.1001	0	0.0	0.22	0.03	0.17	0.26	100.0	16049.0	16713.00	740.18	50	8.8	0.00	4
binario_capacidad	cuckoo_search	kshs2	15	9863.0	BKS	5	17.1996	1.9945	14.0627	18.9902	17.7532	0	0.0	0.25	0.08	0.18	0.35	100.0	11250.0	11559.40	196.72	50	5.0	0.00	4
binario_capacidad	cuckoo_search	kshs3	15	9320.0	BKS	5	7.1094	6.3170	0.0000	14.4850	4.3026	1	20.0	0.21	0.02	0.18	0.23	100.0	9320.0	9982.60	588.74	50	6.0	0.00	3
binario_capacidad	cuckoo_search	kshs4	15	11498.0	BKS	5	11.0489	2.4405	7.0099	12.5935	12.5935	0	0.0	0.23	0.01	0.23	0.25	0.0	12304.0	12768.40	280.61	50	0.0	0.00	2
binario_capacidad	cuckoo_search	kshs5	15	10957.0	BKS	5	32.2095	9.5972	19.5126	42.5573	32.1530	0	0.0	0.20	0.02	0.17	0.22	60.0	13095.0	14486.20	1051.56	50	5.8	0.00	5
binario_capacidad	cuckoo_search	kshs6	15	10197.0	BKS	5	17.5110	6.0830	10.6698	26.6549	15.7105	0	0.0	0.20	0.02	0.16	0.22	100.0	11285.0	11982.60	620.28	50	6.6	0.00	3
binario_capacidad	recocido_simulado	gdb1	22	316.0	BKS	5	12.3418	0.0000	12.3418	12.3418	12.3418	0	0.0	17.07	0.41	16.46	17.52	100.0	355.0	355.00	0.00	56725	1.0	0.00	3
binario_capacidad	recocido_simulado	gdb10	25	275.0	BKS	5	14.1818	0.0000	14.1818	14.1818	14.1818	0	0.0	23.55	1.04	22.57	25.24	100.0	314.0	314.00	0.00	80125	1.2	0.00	4
binario_capacidad	recocido_simulado	gdb12	23	458.0	BKS	5	49.2140	7.2934	39.9563	58.0786	51.9651	0	0.0	22.16	1.20	20.63	23.84	100.0	641.0	683.40	33.40	60518	11.8	0.00	4
binario_capacidad	recocido_simulado	gdb13	28	536.0	BKS	5	18.7313	2.3024	16.7910	22.3881	17.5373	0	0.0	35.95	4.08	30.41	41.76	100.0	626.0	636.40	12.34	98000	15.8	0.00	4
binario_capacidad	recocido_simulado	gdb14	21	100.0	BKS	5	22.4000	4.9800	16.0000	30.0000	22.0000	0	0.0	15.44	1.23	13.86	17.15	100.0	116.0	122.40	4.98	52655	7.0	0.00	4
binario_capacidad	recocido_simulado	gdb15	21	58.0	BKS	5	10.3448	0.0000	10.3448	10.3448	10.3448	0	0.0	12.96	0.72	12.23	13.87	100.0	64.0	64.00	0.00	48510	0.0	0.00	4
binario_capacidad	recocido_simulado	gdb16	28	127.0	BKS	5	13.3858	2.7276	9.4488	15.7480	14.1732	0	0.0	39.21	2.46	37.31	43.47	100.0	139.0	144.00	3.46	103331	12.4	0.00	4
binario_capacidad	recocido_simulado	gdb17	28	91.0	BKS	5	2.1978	0.0000	2.1978	2.1978	2.1978	0	0.0	32.47	2.68	29.37	35.94	100.0	93.0	93.00	0.00	86240	0.0	0.00	4
binario_capacidad	recocido_simulado	gdb19	11	55.0	BKS	5	36.3636	5.7496	29.0909	43.6364	36.3636	0	0.0	2.82	0.12	2.68	3.01	100.0	71.0	75.00	3.16	13310	1.0	0.00	5
binario_capacidad	recocido_simulado	gdb2	26	339.0	BKS	5	26.8437	0.0000	26.8437	26.8437	26.8437	0	0.0	26.77	2.23	24.79	30.39	100.0	430.0	430.00	0.00	80444	1.0	0.00	3
binario_capacidad	recocido_simulado	gdb20	22	121.0	BKS	5	24.6281	2.4377	22.3140	28.0992	24.7934	0	0.0	12.18	7.24	4.22	18.91	100.0	148.0	150.80	2.95	43463	11.0	0.00	5
binario_capacidad	recocido_simulado	gdb21	33	156.0	BKS	5	25.0000	2.3553	22.4359	26.9231	26.2821	0	0.0	32.53	3.27	28.68	37.17	100.0	191.0	195.00	3.67	138739	15.2	0.00	4
binario_capacidad	recocido_simulado	gdb3	22	275.0	BKS	5	21.4545	0.0000	21.4545	21.4545	21.4545	0	0.0	16.29	1.19	14.72	17.70	100.0	334.0	334.00	0.00	57209	1.0	0.00	4
binario_capacidad	recocido_simulado	gdb4	19	287.0	BKS	5	23.6934	0.0000	23.6934	23.6934	23.6934	0	0.0	11.37	0.71	10.65	12.33	100.0	355.0	355.00	0.00	43176	1.2	0.00	4
binario_capacidad	recocido_simulado	gdb5	26	377.0	BKS	5	31.8302	0.0000	31.8302	31.8302	31.8302	0	0.0	26.26	1.16	24.34	27.01	100.0	497.0	497.00	0.00	79498	2.4	0.00	5
binario_capacidad	recocido_simulado	gdb6	22	298.0	BKS	5	11.7450	0.0000	11.7450	11.7450	11.7450	0	0.0	16.11	0.57	15.11	16.56	100.0	333.0	333.00	0.00	53240	0.0	0.00	4
binario_capacidad	recocido_simulado	gdb7	22	325.0	BKS	5	6.4615	0.0000	6.4615	6.4615	6.4615	0	0.0	15.98	0.38	15.57	16.37	100.0	346.0	346.00	0.00	53240	0.0	0.00	4
binario_capacidad	recocido_simulado	kshs1	15	14661.0	BKS	5	14.2760	3.0913	10.5723	17.7137	13.1642	0	0.0	6.51	0.32	6.16	6.94	100.0	16211.0	16754.00	453.22	25785	6.0	0.00	5
binario_capacidad	recocido_simulado	kshs2	15	9863.0	BKS	5	21.2998	4.1777	16.2729	26.4220	19.6289	0	0.0	6.95	0.67	6.25	8.07	100.0	11468.0	11963.80	412.05	26145	5.6	0.00	5
binario_capacidad	recocido_simulado	kshs3	15	9320.0	BKS	5	13.0300	12.4496	0.0000	33.7339	10.4721	1	20.0	6.17	0.57	5.66	7.12	100.0	9320.0	10534.40	1160.30	25740	5.6	0.00	4
binario_capacidad	recocido_simulado	kshs4	15	11498.0	BKS	5	20.8836	2.8665	18.2467	25.3609	19.7426	0	0.0	6.95	0.48	6.27	7.60	100.0	13596.0	13899.20	329.59	26235	8.4	0.00	4
binario_capacidad	recocido_simulado	kshs5	15	10957.0	BKS	5	21.1719	4.4308	13.9454	24.4045	23.3458	0	0.0	4.99	2.24	1.02	6.39	100.0	12485.0	13276.80	485.49	23085	12.6	0.00	4
binario_capacidad	recocido_simulado	kshs6	15	10197.0	BKS	5	26.7392	10.1077	13.5138	39.3057	27.8807	0	0.0	6.14	0.92	5.35	7.57	100.0	11575.0	12923.60	1030.68	28395	7.6	0.00	5
binario_capacidad	tabu_reactiva	gdb1		316.0	BKS	5	12.3418	0.0000	12.3418	12.3418	12.3418	0	0.0	4.46	1.61	1.65	5.56	100.0	355.0	355.00	0.00	377	1.0	0.00	4
binario_capacidad	tabu_reactiva	gdb10		275.0	BKS	5	12.7273	2.5193	8.3636	14.1818	14.1818	0	0.0	4.96	1.91	2.58	6.69	100.0	298.0	310.00	6.93	369	1.6	0.00	1
binario_capacidad	tabu_reactiva	gdb12		458.0	BKS	5	36.5066	4.3815	31.8777	41.9214	34.2795	0	0.0	7.02	0.10	6.92	7.12	100.0	604.0	625.20	20.07	460	12.6	0.00	2
binario_capacidad	tabu_reactiva	gdb13		536.0	BKS	5	10.9701	1.9981	8.2090	12.8731	11.3806	0	0.0	10.93	1.03	10.31	12.70	100.0	580.0	594.80	10.71	548	26.8	0.00	2
binario_capacidad	tabu_reactiva	gdb14		100.0	BKS	5	16.0000	3.5355	12.0000	21.0000	15.0000	0	0.0	4.61	1.21	2.49	5.35	100.0	112.0	116.00	3.54	382	6.0	0.00	2
binario_capacidad	tabu_reactiva	gdb15		58.0	BKS	5	10.3448	0.0000	10.3448	10.3448	10.3448	0	0.0	1.80	1.10	1.07	3.60	100.0	64.0	64.00	0.00	180	0.0	0.00	5
binario_capacidad	tabu_reactiva	gdb16		127.0	BKS	5	8.8189	2.8608	4.7244	12.5984	9.4488	0	0.0	7.11	3.66	2.82	10.82	100.0	133.0	138.20	3.63	375	9.8	0.00	1
binario_capacidad	tabu_reactiva	gdb17		91.0	BKS	5	2.1978	0.0000	2.1978	2.1978	2.1978	0	0.0	5.57	1.47	4.34	8.07	100.0	93.0	93.00	0.00	285	0.0	0.00	5
binario_capacidad	tabu_reactiva	gdb19		55.0	BKS	5	29.0909	7.2727	18.1818	36.3636	32.7273	0	0.0	0.51	0.28	0.24	0.88	100.0	65.0	71.00	4.00	117	1.4	0.00	4
binario_capacidad	tabu_reactiva	gdb2		339.0	BKS	5	26.3717	1.4085	23.8938	27.1386	27.1386	0	0.0	7.98	2.52	3.48	9.38	100.0	420.0	428.40	4.77	459	0.6	0.00	2
binario_capacidad	tabu_reactiva	gdb20		121.0	BKS	5	16.6942	3.6213	10.7438	20.6612	17.3554	0	0.0	3.56	0.80	2.80	4.81	100.0	134.0	141.20	4.38	303	9.6	0.00	1
binario_capacidad	tabu_reactiva	gdb21		156.0	BKS	5	14.4872	3.2243	10.8974	17.9487	14.7436	0	0.0	9.21	1.88	6.11	11.07	100.0	173.0	178.60	5.03	513	11.6	0.00	1
binario_capacidad	tabu_reactiva	gdb3		275.0	BKS	5	21.0182	0.5975	20.3636	21.4545	21.4545	0	0.0	5.25	0.42	4.86	5.94	100.0	331.0	332.80	1.64	440	1.4	0.00	2
binario_capacidad	tabu_reactiva	gdb4		287.0	BKS	5	22.2300	2.1815	18.4669	23.6934	22.9965	0	0.0	3.76	0.52	2.98	4.24	100.0	340.0	350.80	6.26	365	2.0	0.00	2
binario_capacidad	tabu_reactiva	gdb5		377.0	BKS	5	29.5491	3.3531	24.4032	31.8302	31.8302	0	0.0	8.60	0.39	8.19	9.16	100.0	469.0	488.40	12.64	520	3.2	0.00	2
binario_capacidad	tabu_reactiva	gdb6		298.0	BKS	5	11.7450	0.0000	11.7450	11.7450	11.7450	0	0.0	5.13	0.89	3.57	5.75	100.0	333.0	333.00	0.00	417	0.0	0.00	5
binario_capacidad	tabu_reactiva	gdb7		325.0	BKS	5	6.4615	0.0000	6.4615	6.4615	6.4615	0	0.0	5.18	0.49	4.80	5.86	100.0	346.0	346.00	0.00	440	0.0	0.00	5
binario_capacidad	tabu_reactiva	kshs1		14661.0	BKS	5	5.2739	2.3026	2.6397	8.7716	5.5249	0	0.0	2.04	0.13	1.94	2.26	100.0	15048.0	15434.20	337.59	300	7.0	0.00	2
binario_capacidad	tabu_reactiva	kshs2		9863.0	BKS	5	4.5848	3.3075	1.6121	8.5674	2.6361	0	0.0	2.07	0.11	1.88	2.16	100.0	10022.0	10315.20	326.22	300	8.6	0.00	2
binario_capacidad	tabu_reactiva	kshs3		9320.0	BKS	5	4.4979	2.6580	0.0000	6.4807	5.9120	1	20.0	2.06	0.18	1.77	2.22	100.0	9320.0	9739.20	247.73	300	7.2	0.00	2
binario_capacidad	tabu_reactiva	kshs4		11498.0	BKS	5	8.3754	3.9341	3.5745	13.3501	8.6015	0	0.0	2.09	0.27	1.80	2.44	100.0	11909.0	12461.00	452.34	300	15.0	0.00	1
binario_capacidad	tabu_reactiva	kshs5		10957.0	BKS	5	8.9112	9.4516	0.0000	24.3862	7.0457	1	20.0	1.68	0.43	0.96	2.01	100.0	10957.0	11933.40	1035.61	278	13.2	0.00	1
binario_capacidad	tabu_reactiva	kshs6		10197.0	BKS	5	13.2039	8.3112	4.9819	24.2620	9.6107	0	0.0	2.07	0.09	1.99	2.22	100.0	10705.0	11543.40	847.50	295	5.8	0.00	2
pr_aislado	busqueda_abejas_simple	gdb1	22	316.0	BKS	10	3.2595	1.6277	2.2152	6.9620	2.2152	0	0.0	14.91	1.01	13.96	17.52	100.0	323.0	326.30	5.14	440	4.4	12.90	1
pr_aislado	busqueda_abejas_simple	gdb10	25	275.0	BKS	10	3.9636	2.6691	0.0000	7.6364	4.1818	2	20.0	17.84	2.08	15.39	20.68	100.0	275.0	285.90	7.34	500	5.1	14.40	1
pr_aislado	busqueda_abejas_simple	gdb12	23	458.0	BKS	10	15.1310	5.4804	6.9869	23.1441	16.2664	0	0.0	18.36	1.35	16.50	20.84	100.0	490.0	527.30	25.10	460	22.6	10.60	1
pr_aislado	busqueda_abejas_simple	gdb13	28	536.0	BKS	10	5.3358	1.8969	2.9851	8.3955	4.4776	0	0.0	29.13	3.09	24.59	33.50	100.0	552.0	564.60	10.17	560	41.3	10.10	1
pr_aislado	busqueda_abejas_simple	gdb14	21	100.0	BKS	10	3.0000	2.6667	0.0000	10.0000	2.0000	1	10.0	14.46	2.12	12.14	18.38	100.0	100.0	103.00	2.67	420	10.2	10.60	1
pr_aislado	busqueda_abejas_simple	gdb15	21	58.0	BKS	10	0.3448	1.0904	0.0000	3.4483	0.0000	9	90.0	13.59	1.97	11.62	17.18	100.0	58.0	58.20	0.63	420	2.5	12.80	1
pr_aislado	busqueda_abejas_simple	gdb16	28	127.0	BKS	10	4.2520	2.5770	1.5748	7.8740	4.7244	0	0.0	28.83	2.01	26.21	32.29	100.0	129.0	132.40	3.27	560	20.2	14.50	1
pr_aislado	busqueda_abejas_simple	gdb17	28	91.0	BKS	10	0.0000	0.0000	0.0000	0.0000	0.0000	10	100.0	27.40	1.70	23.75	30.30	100.0	91.0	91.00	0.00	560	1.0	17.80	1
pr_aislado	busqueda_abejas_simple	gdb19	11	55.0	BKS	10	4.0000	5.8005	0.0000	14.5455	0.0000	6	60.0	3.03	0.33	2.61	3.74	100.0	55.0	57.20	3.19	220	3.6	6.10	1
pr_aislado	busqueda_abejas_simple	gdb2	26	339.0	BKS	10	4.8083	2.2511	0.0000	7.9646	4.7198	1	10.0	25.81	2.59	22.36	29.97	100.0	339.0	355.30	7.63	520	10.0	13.70	1
pr_aislado	busqueda_abejas_simple	gdb20	22	121.0	BKS	10	4.7107	2.4655	1.6529	8.2645	4.9587	0	0.0	13.42	0.60	12.40	14.14	100.0	123.0	126.70	2.98	440	14.0	11.60	1
pr_aislado	busqueda_abejas_simple	gdb21	33	156.0	BKS	10	7.0513	3.0519	1.9231	12.8205	6.7308	0	0.0	37.81	13.46	22.92	54.63	100.0	159.0	167.00	4.76	660	25.7	17.00	1
pr_aislado	busqueda_abejas_simple	gdb3	22	275.0	BKS	10	6.1818	1.9089	2.9091	8.3636	6.3636	0	0.0	13.74	0.65	12.54	14.73	100.0	283.0	292.00	5.25	440	5.5	12.80	1
pr_aislado	busqueda_abejas_simple	gdb4	19	287.0	BKS	10	5.9930	3.1415	1.7422	9.7561	8.0139	0	0.0	10.39	1.56	8.61	12.89	100.0	292.0	304.20	9.02	380	5.1	10.70	1
pr_aislado	busqueda_abejas_simple	gdb5	26	377.0	BKS	10	2.7586	1.9936	0.0000	6.6313	1.9894	1	10.0	26.84	3.79	22.67	32.97	100.0	377.0	387.40	7.52	520	11.9	14.30	1
pr_aislado	busqueda_abejas_simple	gdb6	22	298.0	BKS	10	4.2953	2.2693	0.0000	8.0537	4.6980	1	10.0	14.01	0.51	12.93	14.68	100.0	298.0	310.80	6.76	440	3.1	13.00	1
pr_aislado	busqueda_abejas_simple	gdb7	22	325.0	BKS	10	1.5077	1.6051	0.0000	4.0000	1.3846	4	40.0	14.34	0.67	13.16	15.25	100.0	325.0	329.90	5.22	440	2.8	12.90	1
pr_aislado	busqueda_abejas_simple	kshs1	15	14661.0	BKS	10	1.9855	2.2925	0.0000	6.8822	1.0470	3	30.0	6.07	0.54	5.44	6.75	100.0	14661.0	14952.10	336.10	300	9.6	7.70	1
pr_aislado	busqueda_abejas_simple	kshs2	15	9863.0	BKS	10	0.3042	0.4302	0.0000	0.9125	0.0000	6	60.0	5.61	0.38	5.21	6.51	100.0	9863.0	9893.00	42.43	300	12.7	7.20	1
pr_aislado	busqueda_abejas_simple	kshs3	15	9320.0	BKS	10	1.4785	1.9031	0.0000	4.9785	0.9335	4	40.0	6.13	0.46	5.35	6.78	100.0	9320.0	9457.80	177.37	300	9.1	8.10	1
pr_aislado	busqueda_abejas_simple	kshs4	15	11498.0	BKS	10	11.5925	3.2812	5.1922	16.1419	11.5542	0	0.0	6.75	1.01	5.11	8.38	100.0	12095.0	12830.90	377.28	300	17.0	7.40	1
pr_aislado	busqueda_abejas_simple	kshs5	15	10957.0	BKS	10	7.0676	2.6796	3.1030	10.3861	8.6338	0	0.0	5.78	0.49	5.23	6.67	100.0	11297.0	11731.40	293.61	300	16.8	7.00	1
pr_aislado	busqueda_abejas_simple	kshs6	15	10197.0	BKS	10	1.7466	2.6251	0.0000	7.1295	1.0591	4	40.0	5.80	0.64	5.04	6.97	100.0	10197.0	10375.10	267.68	300	7.5	7.80	1
pr_aislado	busqueda_tabu_simple	gdb1		316.0	BKS	10	6.5190	6.2249	0.0000	12.3418	7.9114	4	40.0	4.86	0.22	4.49	5.23	100.0	316.0	336.60	19.67	400	2.9	12.10	2
pr_aislado	busqueda_tabu_simple	gdb10		275.0	BKS	10	10.7273	4.0791	3.6364	14.1818	12.7273	0	0.0	5.17	0.35	4.32	5.55	100.0	285.0	304.50	11.22	400	3.1	11.80	4
pr_aislado	busqueda_tabu_simple	gdb12		458.0	BKS	10	24.3013	17.3937	0.4367	44.3231	24.3450	0	0.0	5.88	0.33	5.46	6.55	100.0	460.0	569.30	79.66	400	15.0	11.10	3
pr_aislado	busqueda_tabu_simple	gdb13		536.0	BKS	10	12.2388	4.4020	7.4627	19.0299	11.0075	0	0.0	6.06	0.48	4.97	6.69	100.0	576.0	601.60	23.59	400	22.9	11.00	2
pr_aislado	busqueda_tabu_simple	gdb14		100.0	BKS	10	10.0000	9.3927	0.0000	22.0000	9.5000	2	20.0	4.62	0.26	4.22	4.98	100.0	100.0	110.00	9.39	400	7.4	11.80	3
pr_aislado	busqueda_tabu_simple	gdb15		58.0	BKS	10	5.1724	5.4522	0.0000	10.3448	5.1724	5	50.0	4.56	0.29	4.05	4.96	100.0	58.0	61.00	3.16	400	1.5	12.40	3
pr_aislado	busqueda_tabu_simple	gdb16		127.0	BKS	10	6.9291	4.2126	3.1496	14.1732	6.2992	0	0.0	5.50	0.25	5.07	5.82	100.0	131.0	135.80	5.35	400	12.7	11.60	4
pr_aislado	busqueda_tabu_simple	gdb17		91.0	BKS	10	1.0989	1.1583	0.0000	2.1978	1.0989	5	50.0	5.43	0.75	3.69	6.17	100.0	91.0	92.00	1.05	400	0.5	12.80	3
pr_aislado	busqueda_tabu_simple	gdb19		55.0	BKS	10	14.9091	15.8459	0.0000	32.7273	12.7273	5	50.0	2.93	0.23	2.66	3.36	100.0	55.0	63.20	8.72	400	2.9	12.30	3
pr_aislado	busqueda_tabu_simple	gdb2		339.0	BKS	10	15.3687	12.1127	2.3599	26.8437	15.9292	0	0.0	6.04	0.43	5.50	6.79	100.0	347.0	391.10	41.06	400	6.1	11.20	4
pr_aislado	busqueda_tabu_simple	gdb20		121.0	BKS	10	11.7355	8.7445	3.3058	26.4463	9.5041	0	0.0	4.62	0.36	4.01	5.16	100.0	125.0	135.20	10.58	400	9.0	11.90	3
pr_aislado	busqueda_tabu_simple	gdb21		156.0	BKS	10	12.3077	6.8296	4.4872	20.5128	9.2949	0	0.0	5.44	1.60	3.52	7.93	100.0	163.0	175.20	10.65	400	14.2	11.10	3
pr_aislado	busqueda_tabu_simple	gdb3		275.0	BKS	10	12.1091	9.9601	1.4545	21.4545	14.0000	0	0.0	4.99	0.29	4.61	5.50	100.0	279.0	308.30	27.39	400	4.5	11.90	4
pr_aislado	busqueda_tabu_simple	gdb4		287.0	BKS	10	12.2300	12.1040	0.0000	23.6934	12.8920	3	30.0	4.17	0.45	3.60	5.01	100.0	287.0	322.10	34.74	400	4.8	11.80	4
pr_aislado	busqueda_tabu_simple	gdb5		377.0	BKS	10	17.7188	14.9259	1.5915	31.8302	18.5676	0	0.0	5.84	0.38	5.32	6.47	100.0	383.0	443.80	56.27	400	8.6	11.00	4
pr_aislado	busqueda_tabu_simple	gdb6		298.0	BKS	10	7.2819	5.4456	0.0000	11.7450	10.4027	3	30.0	4.87	0.37	4.21	5.31	100.0	298.0	319.70	16.23	400	1.8	12.50	3
pr_aislado	busqueda_tabu_simple	gdb7		325.0	BKS	10	4.0308	2.6006	1.2308	6.4615	4.6154	0	0.0	4.84	0.29	4.37	5.17	100.0	329.0	338.10	8.45	400	1.8	12.50	3
pr_aislado	busqueda_tabu_simple	kshs1		14661.0	BKS	10	5.9921	6.2493	0.0000	13.3756	5.7193	4	40.0	3.77	0.20	3.36	4.09	100.0	14661.0	15539.50	916.21	400	7.1	12.10	3
pr_aislado	busqueda_tabu_simple	kshs2		9863.0	BKS	10	6.6795	7.4200	0.0000	18.1486	4.2837	5	50.0	3.70	0.42	3.31	4.60	100.0	9863.0	10521.80	731.83	400	8.1	11.90	3
pr_aislado	busqueda_tabu_simple	kshs3		9320.0	BKS	10	5.0708	7.4323	0.0000	21.5451	0.9335	4	40.0	3.88	0.22	3.65	4.22	100.0	9320.0	9792.60	692.69	400	7.7	11.80	3
pr_aislado	busqueda_tabu_simple	kshs4		11498.0	BKS	10	13.6250	9.1499	3.3919	26.1263	11.1280	0	0.0	3.61	0.27	3.15	4.06	100.0	11888.0	13064.60	1052.05	400	13.1	11.70	3
pr_aislado	busqueda_tabu_simple	kshs5		10957.0	BKS	10	10.8597	9.6595	0.0000	24.1124	7.7987	2	20.0	3.36	0.27	2.78	3.64	100.0	10957.0	12146.90	1058.39	400	10.8	11.80	3
pr_aislado	busqueda_tabu_simple	kshs6		10197.0	BKS	10	8.5711	10.1100	0.0000	25.5761	4.8053	5	50.0	3.35	0.22	2.88	3.56	100.0	10197.0	11071.00	1030.92	400	5.5	11.80	3
pr_aislado	cuckoo_search	gdb1	22	316.0	BKS	10	11.8671	1.5011	7.5949	12.3418	12.3418	0	0.0	2.76	0.29	2.33	3.23	100.0	340.0	353.50	4.74	440	1.2	14.00	5
pr_aislado	cuckoo_search	gdb10	25	275.0	BKS	10	14.1818	0.0000	14.1818	14.1818	14.1818	0	0.0	3.26	0.41	2.72	4.06	100.0	314.0	314.00	0.00	500	0.7	16.00	5
pr_aislado	cuckoo_search	gdb12	23	458.0	BKS	10	32.9476	9.9400	17.9039	49.3450	34.1703	0	0.0	3.81	0.50	3.14	4.43	100.0	540.0	608.90	45.53	460	7.8	15.00	5
pr_aislado	cuckoo_search	gdb13	28	536.0	BKS	10	19.6642	7.7605	8.2090	29.1045	21.8284	0	0.0	7.62	1.74	5.82	11.32	90.0	580.0	641.40	41.60	560	8.5	18.00	5
pr_aislado	cuckoo_search	gdb14	21	100.0	BKS	10	18.3000	5.3344	10.0000	27.0000	19.5000	0	0.0	2.67	0.46	2.01	3.39	100.0	110.0	118.30	5.33	420	6.9	14.00	5
pr_aislado	cuckoo_search	gdb15	21	58.0	BKS	10	5.8621	3.2713	0.0000	10.3448	6.8966	1	10.0	2.43	0.30	1.80	2.71	100.0	58.0	61.40	1.90	420	0.7	14.00	5
pr_aislado	cuckoo_search	gdb16	28	127.0	BKS	10	11.3386	4.7996	4.7244	18.8976	11.0236	0	0.0	5.10	0.72	4.08	6.16	100.0	133.0	141.40	6.10	560	4.4	18.00	5
pr_aislado	cuckoo_search	gdb17	28	91.0	BKS	10	1.5385	1.0616	0.0000	2.1978	2.1978	3	30.0	3.82	0.54	3.14	4.86	100.0	91.0	92.40	0.97	560	0.2	18.00	5
pr_aislado	cuckoo_search	gdb19	11	55.0	BKS	10	18.1818	13.9262	0.0000	40.0000	18.1818	2	20.0	1.11	0.28	0.77	1.56	100.0	55.0	65.00	7.66	220	2.5	7.00	4
pr_aislado	cuckoo_search	gdb2	26	339.0	BKS	10	21.2094	5.3178	14.7493	26.8437	21.0914	0	0.0	3.41	0.36	2.90	4.03	100.0	389.0	410.90	18.03	520	1.7	17.00	5
pr_aislado	cuckoo_search	gdb20	22	121.0	BKS	10	20.1653	5.3588	12.3967	28.9256	20.2479	0	0.0	3.05	0.61	2.40	4.46	100.0	136.0	145.40	6.48	440	4.4	14.00	5
pr_aislado	cuckoo_search	gdb21	33	156.0	BKS	10	20.7051	4.7013	16.6667	32.6923	19.2308	0	0.0	5.81	1.35	4.30	7.60	100.0	182.0	188.30	7.33	660	6.9	22.00	5
pr_aislado	cuckoo_search	gdb3	22	275.0	BKS	10	17.3455	5.7803	6.1818	21.4545	20.1818	0	0.0	2.68	0.23	2.28	3.12	100.0	292.0	322.70	15.90	440	1.5	14.00	5
pr_aislado	cuckoo_search	gdb4	19	287.0	BKS	10	19.2683	5.0601	12.1951	23.6934	21.0801	0	0.0	2.10	0.16	1.82	2.29	100.0	322.0	342.30	14.52	380	1.7	12.00	5
pr_aislado	cuckoo_search	gdb5	26	377.0	BKS	10	23.5544	10.3443	6.6313	31.8302	28.1167	0	0.0	3.99	0.53	3.18	5.08	100.0	402.0	465.80	39.00	520	2.9	17.00	5
pr_aislado	cuckoo_search	gdb6	22	298.0	BKS	10	9.3960	2.7627	5.7047	11.7450	10.4027	0	0.0	2.58	0.37	2.08	3.15	100.0	315.0	326.00	8.23	440	0.4	14.00	5
pr_aislado	cuckoo_search	gdb7	22	325.0	BKS	10	5.5692	1.4681	2.7692	6.4615	6.4615	0	0.0	2.71	0.21	2.37	3.19	100.0	334.0	343.10	4.77	440	0.1	14.00	5
pr_aislado	cuckoo_search	kshs1	15	14661.0	BKS	10	9.3268	6.6132	0.4638	20.2169	6.7015	0	0.0	1.78	0.45	1.17	2.61	100.0	14729.0	16028.40	969.56	300	7.2	10.00	5
pr_aislado	cuckoo_search	kshs2	15	9863.0	BKS	10	8.8310	5.6580	0.0000	15.2692	9.2061	1	10.0	1.64	0.25	1.23	2.15	100.0	9863.0	10734.00	558.05	300	6.2	10.00	4
pr_aislado	cuckoo_search	kshs3	15	9320.0	BKS	10	8.5558	4.8921	0.0000	14.4742	10.8906	1	10.0	1.59	0.19	1.24	1.79	100.0	9320.0	10117.40	455.95	300	5.6	10.00	5
pr_aislado	cuckoo_search	kshs4	15	11498.0	BKS	10	19.5521	6.2163	11.4020	29.5530	19.2860	0	0.0	1.96	0.30	1.53	2.53	100.0	12809.0	13746.10	714.75	300	4.9	10.00	5
pr_aislado	cuckoo_search	kshs5	15	10957.0	BKS	10	20.8241	7.0740	10.0575	31.2494	20.3705	0	0.0	1.57	0.22	1.31	2.12	100.0	12059.0	13238.70	775.10	300	6.3	10.00	5
pr_aislado	cuckoo_search	kshs6	15	10197.0	BKS	10	15.4398	6.4625	9.6107	25.5761	12.6900	0	0.0	1.45	0.19	1.18	1.73	100.0	11177.0	11771.40	658.99	300	6.2	10.00	4
pr_aislado	recocido_simulado	gdb1	22	316.0	BKS	10	6.8354	5.8603	0.0000	12.3418	7.2785	2	20.0	10.84	6.60	4.27	17.86	100.0	316.0	337.60	18.52	36397	3.5	0.00	4
pr_aislado	recocido_simulado	gdb10	25	275.0	BKS	10	8.9455	6.1549	0.0000	14.1818	12.0000	2	20.0	20.85	9.50	6.45	34.34	100.0	275.0	299.60	16.93	70750	3.1	0.00	3
pr_aislado	recocido_simulado	gdb12	23	458.0	BKS	10	27.9258	24.1568	0.0000	55.8952	27.6201	1	10.0	18.61	8.75	5.62	24.99	100.0	458.0	585.90	110.64	50308	21.2	0.00	4
pr_aislado	recocido_simulado	gdb13	28	536.0	BKS	10	14.1045	9.7382	0.7463	25.5597	15.4851	0	0.0	30.80	16.78	9.48	61.99	100.0	540.0	611.60	52.20	85848	28.9	0.00	4
pr_aislado	recocido_simulado	gdb14	21	100.0	BKS	10	13.6000	12.6860	0.0000	27.0000	13.0000	1	10.0	12.53	5.86	3.71	17.22	100.0	100.0	113.60	12.69	40925	11.1	0.00	4
pr_aislado	recocido_simulado	gdb15	21	58.0	BKS	10	5.1724	5.4522	0.0000	10.3448	5.1724	5	50.0	14.92	1.43	12.99	17.01	100.0	58.0	61.00	3.16	52303	1.5	0.00	4
pr_aislado	recocido_simulado	gdb16	28	127.0	BKS	10	6.7717	7.3883	0.0000	17.3228	4.7244	5	50.0	34.18	18.66	8.98	68.53	100.0	127.0	135.60	9.38	102390	13.9	0.00	3
pr_aislado	recocido_simulado	gdb17	28	91.0	BKS	10	1.0989	1.1583	0.0000	2.1978	1.0989	5	50.0	30.50	4.78	21.13	36.35	100.0	91.0	92.00	1.05	93139	0.5	0.00	4
pr_aislado	recocido_simulado	gdb19	11	55.0	BKS	10	21.4545	13.2171	3.6364	40.0000	21.8182	0	0.0	2.53	1.10	0.69	4.51	100.0	57.0	66.80	7.27	11447	5.2	0.00	5
pr_aislado	recocido_simulado	gdb2	26	339.0	BKS	10	14.7198	12.8607	0.0000	26.8437	16.2242	1	10.0	20.61	10.32	7.20	30.29	100.0	339.0	388.90	43.60	59623	8.1	0.00	3
pr_aislado	recocido_simulado	gdb20	22	121.0	BKS	10	12.4793	9.8671	0.0000	25.6198	11.1570	1	10.0	10.44	7.00	3.51	18.12	100.0	121.0	136.10	11.94	38042	15.7	0.00	4
pr_aislado	recocido_simulado	gdb21	33	156.0	BKS	10	12.6282	11.3913	0.6410	26.9231	8.9744	0	0.0	22.12	7.13	14.97	30.62	100.0	157.0	175.70	17.77	87882	25.5	0.00	4
pr_aislado	recocido_simulado	gdb3	22	275.0	BKS	10	12.0364	10.0019	0.0000	21.4545	13.2727	1	10.0	11.82	7.40	4.33	20.24	100.0	275.0	308.10	27.51	36832	5.9	0.00	3
pr_aislado	recocido_simulado	gdb4	19	287.0	BKS	10	12.1951	12.1369	0.0000	23.6934	12.7178	3	30.0	7.25	4.42	2.66	12.17	100.0	287.0	322.00	34.83	27075	5.2	0.00	3
pr_aislado	recocido_simulado	gdb5	26	377.0	BKS	10	16.9761	15.6776	1.5915	31.8302	18.0371	0	0.0	17.32	10.93	6.16	29.03	100.0	383.0	441.00	59.10	49686	8.4	0.00	3
pr_aislado	recocido_simulado	gdb6	22	298.0	BKS	10	8.1879	4.2658	0.0000	11.7450	10.0671	1	10.0	18.68	6.87	6.61	32.40	100.0	298.0	322.40	12.71	56338	2.3	0.00	4
pr_aislado	recocido_simulado	gdb7	22	325.0	BKS	10	4.3385	2.3986	0.0000	6.4615	4.9231	1	10.0	15.33	5.78	6.19	22.23	100.0	325.0	339.10	7.80	47674	1.5	0.00	4
pr_aislado	recocido_simulado	kshs1	15	14661.0	BKS	10	8.3050	7.2721	0.0000	19.5144	6.2342	2	20.0	4.65	2.65	1.34	6.99	100.0	14661.0	15878.60	1066.16	17888	9.8	0.00	4
pr_aislado	recocido_simulado	kshs2	15	9863.0	BKS	10	11.4164	11.9609	0.0000	29.7678	7.7917	1	10.0	3.92	2.41	1.37	6.64	100.0	9863.0	10989.00	1179.70	15862	9.5	0.00	5
pr_aislado	recocido_simulado	kshs3	15	9320.0	BKS	10	7.7382	10.5296	0.0000	29.9785	2.6180	3	30.0	5.93	3.31	1.27	12.27	100.0	9320.0	10041.20	981.36	22388	13.0	0.00	4
pr_aislado	recocido_simulado	kshs4	15	11498.0	BKS	10	17.0804	8.7059	4.5312	30.2661	18.0988	0	0.0	5.36	4.59	1.22	16.30	100.0	12019.0	13461.90	1001.00	20565	12.4	0.00	4
pr_aislado	recocido_simulado	kshs5	15	10957.0	BKS	10	14.9265	10.4268	0.0000	29.4059	16.0674	1	10.0	3.82	2.29	1.25	6.72	100.0	10957.0	12592.50	1142.47	16942	10.6	0.00	4
pr_aislado	recocido_simulado	kshs6	15	10197.0	BKS	10	16.1852	14.7650	0.0000	40.2275	16.3676	2	20.0	3.89	2.75	1.14	7.23	100.0	10197.0	11847.40	1505.59	16852	8.7	0.00	5
pr_aislado	tabu_reactiva	gdb1		316.0	BKS	10	6.6772	5.2243	0.0000	12.3418	6.0127	1	10.0	5.71	0.37	5.30	6.56	100.0	316.0	337.10	16.51	440	3.8	7.00	3
pr_aislado	tabu_reactiva	gdb10		275.0	BKS	10	8.1091	5.6414	0.0000	14.1818	6.9091	1	10.0	8.14	0.90	6.73	9.96	100.0	275.0	297.30	15.51	500	4.3	12.70	2
pr_aislado	tabu_reactiva	gdb12		458.0	BKS	10	21.4629	11.3411	8.9520	36.6812	20.1965	0	0.0	7.45	0.35	6.91	8.09	100.0	499.0	556.30	51.94	460	16.8	5.10	2
pr_aislado	tabu_reactiva	gdb13		536.0	BKS	10	12.9664	3.3121	8.0224	18.0970	12.2201	0	0.0	12.44	1.70	10.20	15.23	100.0	579.0	605.50	17.75	560	21.0	9.40	3
pr_aislado	tabu_reactiva	gdb14		100.0	BKS	10	8.8000	7.1616	2.0000	17.0000	7.0000	0	0.0	5.06	0.32	4.48	5.49	100.0	102.0	108.80	7.16	420	9.5	7.10	2
pr_aislado	tabu_reactiva	gdb15		58.0	BKS	10	3.7931	4.4368	0.0000	10.3448	1.7241	5	50.0	4.84	0.38	4.17	5.40	100.0	58.0	60.20	2.57	420	1.9	10.70	2
pr_aislado	tabu_reactiva	gdb16		127.0	BKS	10	4.8031	3.2877	0.0000	10.2362	4.7244	1	10.0	11.65	1.06	10.05	13.34	100.0	127.0	133.10	4.18	560	13.4	13.30	2
pr_aislado	tabu_reactiva	gdb17		91.0	BKS	10	0.4396	0.9267	0.0000	2.1978	0.0000	8	80.0	11.38	0.79	9.84	12.52	100.0	91.0	91.40	0.84	560	0.8	15.00	2
pr_aislado	tabu_reactiva	gdb19		55.0	BKS	10	10.1818	10.6777	0.0000	25.4545	7.2727	4	40.0	0.97	0.06	0.86	1.05	100.0	55.0	60.60	5.87	220	4.3	3.10	2
pr_aislado	tabu_reactiva	gdb2		339.0	BKS	10	12.9794	9.9618	2.3599	23.8938	12.3894	0	0.0	11.44	2.77	8.46	15.51	100.0	347.0	383.00	33.77	520	8.6	8.20	2
pr_aislado	tabu_reactiva	gdb20		121.0	BKS	10	10.1653	6.5776	2.4793	23.9669	9.5041	0	0.0	5.71	0.22	5.26	6.04	100.0	124.0	133.30	7.96	440	11.2	10.80	2
pr_aislado	tabu_reactiva	gdb21		156.0	BKS	10	11.0256	6.3803	3.2051	19.8718	10.5769	0	0.0	14.85	3.03	11.50	18.89	100.0	161.0	173.20	9.95	660	17.5	14.70	2
pr_aislado	tabu_reactiva	gdb3		275.0	BKS	10	7.8909	6.3426	1.4545	21.0909	6.1818	0	0.0	5.85	0.32	5.41	6.27	100.0	279.0	296.70	17.44	440	6.9	7.20	2
pr_aislado	tabu_reactiva	gdb4		287.0	BKS	10	10.8711	8.8572	0.0000	23.3449	10.9756	1	10.0	3.64	0.27	3.08	4.10	100.0	287.0	318.20	25.42	380	5.0	7.10	2
pr_aislado	tabu_reactiva	gdb5		377.0	BKS	10	11.4854	10.4849	0.0000	27.3210	6.1008	1	10.0	10.90	1.92	8.96	13.68	100.0	377.0	420.30	39.53	520	9.3	10.00	2
pr_aislado	tabu_reactiva	gdb6		298.0	BKS	10	5.9396	4.3611	0.0000	11.7450	4.6980	1	10.0	5.84	0.24	5.38	6.27	100.0	298.0	315.70	13.00	440	2.0	8.10	2
pr_aislado	tabu_reactiva	gdb7		325.0	BKS	10	3.0769	2.5331	0.0000	6.4615	4.0000	3	30.0	5.74	0.28	5.37	6.16	100.0	325.0	335.00	8.23	440	2.6	6.70	2
pr_aislado	tabu_reactiva	kshs1		14661.0	BKS	10	4.3912	4.9223	0.4638	11.5886	1.5040	0	0.0	2.04	0.19	1.72	2.32	100.0	14729.0	15304.80	721.66	300	8.2	2.20	2
pr_aislado	tabu_reactiva	kshs2		9863.0	BKS	10	1.4752	2.1927	0.0000	6.8438	0.3042	5	50.0	2.08	0.18	1.83	2.36	100.0	9863.0	10008.50	216.26	300	9.9	3.50	2
pr_aislado	tabu_reactiva	kshs3		9320.0	BKS	10	1.5504	2.8164	0.0000	9.1416	0.4667	5	50.0	2.33	0.31	1.87	2.92	100.0	9320.0	9464.50	262.48	300	8.1	3.10	2
pr_aislado	tabu_reactiva	kshs4		11498.0	BKS	10	12.5152	5.5734	5.1574	23.0562	10.8889	0	0.0	2.10	0.14	1.87	2.29	100.0	12091.0	12937.00	640.83	300	14.3	4.20	2
pr_aislado	tabu_reactiva	kshs5		10957.0	BKS	10	8.7624	5.1699	0.0000	15.5882	8.6064	1	10.0	1.89	0.12	1.69	2.10	100.0	10957.0	11917.10	566.47	300	12.3	5.00	2
pr_aislado	tabu_reactiva	kshs6		10197.0	BKS	10	5.5134	6.5279	0.0000	20.3982	1.8241	1	10.0	2.06	0.13	1.85	2.22	100.0	10197.0	10759.20	665.65	300	7.5	4.90	2
solo_p_inter	busqueda_abejas_simple	gdb1	22	316.0	BKS	5	7.8481	0.4126	7.5949	8.5443	7.5949	0	0.0	1.72	0.16	1.57	1.97	100.0	340.0	340.80	1.30	127	3.2	0.00	4
solo_p_inter	busqueda_abejas_simple	gdb10	25	275.0	BKS	5	15.4909	1.1950	14.1818	16.3636	16.3636	0	0.0	1.31	0.21	1.06	1.62	100.0	314.0	317.60	3.29	85	0.8	0.00	5
solo_p_inter	busqueda_abejas_simple	gdb12	23	458.0	BKS	5	22.3581	7.9126	11.7904	32.9694	22.7074	0	0.0	3.12	0.54	2.34	3.60	100.0	512.0	560.40	36.24	186	21.8	0.00	4
solo_p_inter	busqueda_abejas_simple	gdb13	28	536.0	BKS	5	14.1045	5.4435	8.5821	20.7090	12.1269	0	0.0	4.40	1.48	2.93	6.50	100.0	582.0	611.60	29.18	268	33.6	0.00	3
solo_p_inter	busqueda_abejas_simple	gdb14	21	100.0	BKS	5	8.6000	2.9665	4.0000	12.0000	9.0000	0	0.0	2.12	0.47	1.68	2.86	100.0	104.0	108.60	2.97	156	8.6	0.00	4
solo_p_inter	busqueda_abejas_simple	gdb15	21	58.0	BKS	5	2.7586	1.5421	0.0000	3.4483	3.4483	1	20.0	1.25	0.24	1.03	1.64	100.0	58.0	59.60	0.89	93	1.8	0.00	4
solo_p_inter	busqueda_abejas_simple	gdb16	28	127.0	BKS	5	10.7087	2.5877	7.8740	12.5984	12.5984	0	0.0	2.72	0.39	2.37	3.37	100.0	137.0	140.60	3.29	170	15.8	0.00	4
solo_p_inter	busqueda_abejas_simple	gdb17	28	91.0	BKS	5	1.7582	0.9829	0.0000	2.1978	2.1978	1	20.0	1.38	0.21	1.22	1.73	100.0	91.0	92.60	0.89	90	0.2	0.00	4
solo_p_inter	busqueda_abejas_simple	gdb19	11	55.0	BKS	5	0.7273	1.6262	0.0000	3.6364	0.0000	4	80.0	0.84	0.15	0.68	0.96	100.0	55.0	55.40	0.89	85	4.8	0.00	2
solo_p_inter	busqueda_abejas_simple	gdb2	26	339.0	BKS	5	12.2714	3.9499	8.5546	18.5841	11.7994	0	0.0	2.37	0.27	2.12	2.82	100.0	368.0	380.60	13.39	145	6.8	0.00	4
solo_p_inter	busqueda_abejas_simple	gdb20	22	121.0	BKS	5	13.8843	3.4770	9.0909	17.3554	14.8760	0	0.0	2.13	0.95	0.90	3.45	100.0	132.0	137.80	4.21	160	11.6	0.00	4
solo_p_inter	busqueda_abejas_simple	gdb21	33	156.0	BKS	5	16.6667	2.4410	14.1026	20.5128	16.0256	0	0.0	2.42	0.71	1.42	3.16	100.0	178.0	182.00	3.81	204	17.8	0.00	4
solo_p_inter	busqueda_abejas_simple	gdb3	22	275.0	BKS	5	11.1273	4.7454	6.1818	17.4545	9.8182	0	0.0	1.53	0.33	1.19	1.97	100.0	292.0	305.60	13.05	111	4.4	0.00	4
solo_p_inter	busqueda_abejas_simple	gdb4	19	287.0	BKS	5	13.9373	4.8593	8.0139	19.5122	15.6794	0	0.0	1.03	0.18	0.80	1.26	100.0	310.0	327.00	13.95	86	3.2	0.00	4
solo_p_inter	busqueda_abejas_simple	gdb5	26	377.0	BKS	5	15.7560	4.3771	8.7533	20.6897	16.7109	0	0.0	2.28	0.33	1.88	2.56	100.0	410.0	436.40	16.50	144	7.8	0.00	4
solo_p_inter	busqueda_abejas_simple	gdb6	22	298.0	BKS	5	6.7114	1.5007	5.7047	9.0604	5.7047	0	0.0	1.66	0.31	1.37	2.02	100.0	315.0	318.00	4.47	113	2.2	0.00	3
solo_p_inter	busqueda_abejas_simple	gdb7	22	325.0	BKS	5	4.9846	1.3482	4.0000	6.4615	4.0000	0	0.0	1.15	0.29	0.95	1.63	100.0	338.0	341.20	4.38	78	0.8	0.00	4
solo_p_inter	busqueda_abejas_simple	kshs1	15	14661.0	BKS	5	4.9792	3.1106	0.4638	9.1467	4.7064	0	0.0	1.03	0.51	0.64	1.91	100.0	14729.0	15391.00	456.05	94	7.2	0.00	4
solo_p_inter	busqueda_abejas_simple	kshs2	15	9863.0	BKS	5	2.4658	2.0154	0.9125	5.8400	2.3319	0	0.0	1.10	0.21	0.90	1.41	100.0	9953.0	10106.20	198.77	96	12.6	0.00	4
solo_p_inter	busqueda_abejas_simple	kshs3	15	9320.0	BKS	5	3.6867	4.1316	0.0000	10.5365	3.2511	1	20.0	1.19	0.56	0.61	2.02	100.0	9320.0	9663.60	385.07	108	10.2	0.00	4
solo_p_inter	busqueda_abejas_simple	kshs4	15	11498.0	BKS	5	9.8487	2.4083	7.6535	12.7935	9.0798	0	0.0	1.89	0.62	1.01	2.74	100.0	12378.0	12630.40	276.91	165	24.4	0.00	2
solo_p_inter	busqueda_abejas_simple	kshs5	15	10957.0	BKS	5	14.8398	6.3938	8.6338	24.5870	12.0288	0	0.0	1.17	0.43	0.70	1.66	100.0	11903.0	12583.00	700.57	111	13.2	0.00	4
solo_p_inter	busqueda_abejas_simple	kshs6	15	10197.0	BKS	5	6.1901	5.1989	0.0000	10.6698	9.6107	1	20.0	0.85	0.40	0.52	1.53	100.0	10197.0	10828.20	530.13	79	6.4	0.00	4
solo_p_inter	busqueda_tabu_simple	gdb1		316.0	BKS	5	3.7975	2.1346	2.2152	6.9620	2.5316	0	0.0	2.27	0.32	1.78	2.53	100.0	323.0	328.00	6.75	186	5.0	0.00	3
solo_p_inter	busqueda_tabu_simple	gdb10		275.0	BKS	5	12.7273	1.4316	10.9091	14.1818	12.3636	0	0.0	1.63	0.23	1.39	1.83	100.0	305.0	310.00	3.94	122	2.0	0.00	3
solo_p_inter	busqueda_tabu_simple	gdb12		458.0	BKS	5	12.3144	7.0287	0.8734	18.5590	14.1921	0	0.0	4.87	1.02	3.49	6.11	100.0	462.0	514.40	32.19	276	22.0	0.00	3
solo_p_inter	busqueda_tabu_simple	gdb13		536.0	BKS	5	16.2313	3.2502	11.0075	19.2164	16.4179	0	0.0	2.74	0.81	1.88	3.71	100.0	595.0	623.00	17.42	169	17.6	0.00	4
solo_p_inter	busqueda_tabu_simple	gdb14		100.0	BKS	5	4.2000	4.3818	2.0000	12.0000	2.0000	0	0.0	2.36	0.91	1.33	3.55	100.0	102.0	104.20	4.38	187	8.8	0.00	3
solo_p_inter	busqueda_tabu_simple	gdb15		58.0	BKS	5	1.3793	1.8887	0.0000	3.4483	0.0000	3	60.0	1.91	0.37	1.60	2.46	100.0	58.0	58.80	1.10	172	2.6	0.00	3
solo_p_inter	busqueda_tabu_simple	gdb16		127.0	BKS	5	6.2992	2.9462	3.1496	11.0236	6.2992	0	0.0	2.87	0.65	2.41	4.01	100.0	131.0	135.00	3.74	211	12.6	0.00	3
solo_p_inter	busqueda_tabu_simple	gdb17		91.0	BKS	5	0.8791	1.2038	0.0000	2.1978	0.0000	3	60.0	1.60	0.23	1.34	1.97	100.0	91.0	91.80	1.10	123	0.6	0.00	3
solo_p_inter	busqueda_tabu_simple	gdb19		55.0	BKS	5	0.0000	0.0000	0.0000	0.0000	0.0000	5	100.0	0.90	0.36	0.68	1.53	100.0	55.0	55.00	0.00	128	5.0	0.00	1
solo_p_inter	busqueda_tabu_simple	gdb2		339.0	BKS	5	7.3156	1.9500	5.3097	10.3245	7.3746	0	0.0	3.55	0.97	2.51	4.83	100.0	357.0	363.80	6.61	195	10.4	0.00	3
solo_p_inter	busqueda_tabu_simple	gdb20		121.0	BKS	5	8.0992	4.8683	2.4793	13.2231	10.7438	0	0.0	2.58	1.12	1.44	4.37	100.0	124.0	130.80	5.89	208	14.6	0.00	2
solo_p_inter	busqueda_tabu_simple	gdb21		156.0	BKS	5	11.5385	2.3553	7.6923	13.4615	11.5385	0	0.0	1.78	0.34	1.28	2.19	100.0	168.0	174.00	3.67	172	12.6	0.00	3
solo_p_inter	busqueda_tabu_simple	gdb3		275.0	BKS	5	5.8182	2.0082	3.6364	8.7273	5.0909	0	0.0	2.08	0.57	1.45	2.87	100.0	285.0	291.00	5.52	172	8.2	0.00	3
solo_p_inter	busqueda_tabu_simple	gdb4		287.0	BKS	5	4.1812	5.9744	0.0000	14.6341	1.3937	1	20.0	2.02	0.73	1.35	3.10	100.0	287.0	299.00	17.15	182	6.2	0.00	2
solo_p_inter	busqueda_tabu_simple	gdb5		377.0	BKS	5	7.8515	2.1020	4.7745	10.0796	7.4271	0	0.0	4.24	1.23	3.33	6.36	100.0	395.0	406.60	7.92	243	11.2	0.00	3
solo_p_inter	busqueda_tabu_simple	gdb6		298.0	BKS	5	4.5638	2.0357	1.0067	5.7047	5.7047	0	0.0	1.64	0.36	1.25	2.02	100.0	301.0	311.60	6.07	137	3.0	0.00	1
solo_p_inter	busqueda_tabu_simple	gdb7		325.0	BKS	5	3.4462	1.7595	1.8462	6.4615	3.0769	0	0.0	1.78	0.25	1.51	2.18	100.0	331.0	336.20	5.72	135	2.2	0.00	3
solo_p_inter	busqueda_tabu_simple	kshs1		14661.0	BKS	5	0.3997	0.5599	0.0000	1.1664	0.0000	3	60.0	1.59	0.41	1.11	2.08	100.0	14661.0	14719.60	82.09	175	9.8	0.00	1
solo_p_inter	busqueda_tabu_simple	kshs2		9863.0	BKS	5	0.4258	0.4081	0.0000	0.9125	0.6083	2	40.0	1.44	0.32	1.05	1.91	100.0	9863.0	9905.00	40.25	157	10.4	0.00	2
solo_p_inter	busqueda_tabu_simple	kshs3		9320.0	BKS	5	0.9785	1.7146	0.0000	3.9592	0.0000	3	60.0	1.33	0.63	0.80	2.41	100.0	9320.0	9411.20	159.80	146	9.8	0.00	1
solo_p_inter	busqueda_tabu_simple	kshs4		11498.0	BKS	5	11.5359	6.0742	3.5745	18.8381	12.9588	0	0.0	1.61	0.32	1.20	2.06	100.0	11909.0	12824.40	698.41	152	13.6	0.00	3
solo_p_inter	busqueda_tabu_simple	kshs5		10957.0	BKS	5	7.8452	5.2517	3.1030	15.8620	8.5790	0	0.0	2.09	0.78	1.38	3.39	100.0	11297.0	11816.60	575.43	222	15.6	0.00	2
solo_p_inter	busqueda_tabu_simple	kshs6		10197.0	BKS	5	0.6355	0.5801	0.0000	1.0591	1.0591	2	40.0	1.80	0.55	1.32	2.74	100.0	10197.0	10261.80	59.15	221	8.4	0.00	1
solo_p_inter	cuckoo_search	gdb1	22	316.0	BKS	5	11.4557	2.8163	7.5949	13.9241	12.3418	0	0.0	0.37	0.05	0.29	0.42	100.0	340.0	352.20	8.90	66	0.8	0.00	5
solo_p_inter	cuckoo_search	gdb10	25	275.0	BKS	5	15.0545	1.1950	14.1818	16.3636	14.1818	0	0.0	0.42	0.09	0.32	0.55	100.0	314.0	316.40	3.29	75	0.6	0.00	4
solo_p_inter	cuckoo_search	gdb12	23	458.0	BKS	5	44.8035	8.3946	32.7511	55.2402	43.4498	0	0.0	0.43	0.08	0.35	0.56	100.0	608.0	663.20	38.45	69	12.4	0.00	5
solo_p_inter	cuckoo_search	gdb13	28	536.0	BKS	5	19.6269	3.2938	14.7388	23.1343	20.5224	0	0.0	0.69	0.07	0.59	0.75	0.0	615.0	641.20	17.66	84	0.2	0.00	5
solo_p_inter	cuckoo_search	gdb14	21	100.0	BKS	5	17.6000	4.2778	10.0000	20.0000	19.0000	0	0.0	0.40	0.05	0.35	0.46	100.0	110.0	117.60	4.28	63	6.4	0.00	5
solo_p_inter	cuckoo_search	gdb15	21	58.0	BKS	5	6.8966	2.4383	3.4483	10.3448	6.8966	0	0.0	0.31	0.02	0.29	0.34	100.0	60.0	62.00	1.41	63	0.8	0.00	5
solo_p_inter	cuckoo_search	gdb16	28	127.0	BKS	5	20.7874	4.3699	14.1732	25.1969	22.0472	0	0.0	0.67	0.06	0.61	0.74	100.0	145.0	153.40	5.55	84	5.4	0.00	5
solo_p_inter	cuckoo_search	gdb17	28	91.0	BKS	5	2.1978	0.0000	2.1978	2.1978	2.1978	0	0.0	0.51	0.05	0.44	0.59	100.0	93.0	93.00	0.00	84	0.0	0.00	5
solo_p_inter	cuckoo_search	gdb19	11	55.0	BKS	5	21.8182	9.2709	10.9091	36.3636	21.8182	0	0.0	0.26	0.07	0.21	0.39	100.0	61.0	67.00	5.10	50	2.8	0.00	5
solo_p_inter	cuckoo_search	gdb2	26	339.0	BKS	5	25.8407	2.7403	20.9440	27.1386	27.1386	0	0.0	0.52	0.16	0.43	0.80	100.0	410.0	426.60	9.29	78	0.4	0.00	5
solo_p_inter	cuckoo_search	gdb20	22	121.0	BKS	5	27.6033	7.1238	20.6612	37.1901	23.9669	0	0.0	0.35	0.04	0.32	0.41	100.0	146.0	154.40	8.62	66	4.2	0.00	5
solo_p_inter	cuckoo_search	gdb21	33	156.0	BKS	5	28.8462	2.3985	25.6410	32.0513	28.2051	0	0.0	0.50	0.07	0.43	0.59	100.0	196.0	201.00	3.74	99	10.0	0.00	5
solo_p_inter	cuckoo_search	gdb3	22	275.0	BKS	5	18.9818	1.9650	16.7273	21.4545	18.9091	0	0.0	0.39	0.08	0.31	0.51	100.0	321.0	327.20	5.40	66	1.2	0.00	5
solo_p_inter	cuckoo_search	gdb4	19	287.0	BKS	5	24.1812	1.2220	22.6481	25.4355	23.6934	0	0.0	0.29	0.06	0.24	0.40	100.0	352.0	356.40	3.51	57	0.6	0.00	5
solo_p_inter	cuckoo_search	gdb5	26	377.0	BKS	5	28.7003	4.1789	23.3422	33.1565	29.7082	0	0.0	0.61	0.07	0.49	0.67	100.0	465.0	485.20	15.75	78	2.6	0.00	5
solo_p_inter	cuckoo_search	gdb6	22	298.0	BKS	5	11.2081	1.2006	9.0604	11.7450	11.7450	0	0.0	0.40	0.07	0.34	0.53	100.0	325.0	331.40	3.58	66	0.2	0.00	5
solo_p_inter	cuckoo_search	gdb7	22	325.0	BKS	5	6.4615	0.0000	6.4615	6.4615	6.4615	0	0.0	0.39	0.02	0.36	0.42	100.0	346.0	346.00	0.00	66	0.0	0.00	5
solo_p_inter	cuckoo_search	kshs1	15	14661.0	BKS	5	11.7523	3.5555	6.8822	15.5105	12.6731	0	0.0	0.28	0.10	0.18	0.44	100.0	15670.0	16384.00	521.28	50	5.0	0.00	5
solo_p_inter	cuckoo_search	kshs2	15	9863.0	BKS	5	14.4094	2.7678	11.9538	18.2906	13.3428	0	0.0	0.21	0.05	0.13	0.28	100.0	11042.0	11284.20	272.99	50	5.2	0.00	5
solo_p_inter	cuckoo_search	kshs3	15	9320.0	BKS	5	19.5150	4.6977	13.1438	24.6674	21.7167	0	0.0	0.21	0.02	0.19	0.24	100.0	10545.0	11138.80	437.83	50	5.8	0.00	5
solo_p_inter	cuckoo_search	kshs4	15	11498.0	BKS	5	12.1743	0.7013	10.9758	12.5935	12.5935	0	0.0	0.21	0.02	0.18	0.23	0.0	12760.0	12897.80	80.63	50	0.0	0.00	4
solo_p_inter	cuckoo_search	kshs5	15	10957.0	BKS	5	31.5378	14.9498	23.0081	58.0633	26.6131	0	0.0	0.21	0.03	0.18	0.25	60.0	13478.0	14412.60	1638.05	50	4.2	0.00	5
solo_p_inter	cuckoo_search	kshs6	15	10197.0	BKS	5	18.5270	8.4801	10.9248	29.5675	14.5631	0	0.0	0.27	0.06	0.21	0.37	100.0	11311.0	12086.20	864.71	50	4.4	0.00	5
solo_p_inter	recocido_simulado	gdb1	22	316.0	BKS	5	2.0886	0.2830	1.5823	2.2152	2.2152	0	0.0	6.10	0.40	5.54	6.50	100.0	321.0	322.60	0.89	17037	6.8	0.00	2
solo_p_inter	recocido_simulado	gdb10	25	275.0	BKS	5	3.9273	2.9362	0.0000	8.0000	3.6364	1	20.0	18.14	9.75	10.03	29.85	100.0	275.0	285.80	8.07	55000	5.8	0.00	1
solo_p_inter	recocido_simulado	gdb12	23	458.0	BKS	5	8.2533	4.3515	3.4934	12.6638	9.1703	0	0.0	12.86	16.05	4.95	41.56	100.0	474.0	495.80	19.93	33750	25.0	0.00	1
solo_p_inter	recocido_simulado	gdb13	28	536.0	BKS	5	4.1418	2.8122	1.8657	8.9552	3.1716	0	0.0	50.41	25.38	13.81	83.16	100.0	546.0	558.20	15.07	127635	31.6	0.00	1
solo_p_inter	recocido_simulado	gdb14	21	100.0	BKS	5	0.0000	0.0000	0.0000	0.0000	0.0000	5	100.0	8.02	7.05	4.68	20.62	100.0	100.0	100.00	0.00	22138	13.8	0.00	1
solo_p_inter	recocido_simulado	gdb15	21	58.0	BKS	5	0.0000	0.0000	0.0000	0.0000	0.0000	5	100.0	17.21	7.34	5.01	24.30	100.0	58.0	58.00	0.00	49745	2.8	0.00	1
solo_p_inter	recocido_simulado	gdb16	28	127.0	BKS	5	0.9449	1.4085	0.0000	3.1496	0.0000	3	60.0	45.54	2.95	41.09	48.38	100.0	127.0	128.20	1.79	102390	19.8	0.00	1
solo_p_inter	recocido_simulado	gdb17	28	91.0	BKS	5	0.0000	0.0000	0.0000	0.0000	0.0000	5	100.0	38.33	5.40	30.31	43.36	100.0	91.0	91.00	0.00	95805	1.0	0.00	1
solo_p_inter	recocido_simulado	gdb19	11	55.0	BKS	5	3.6364	6.2984	0.0000	14.5455	0.0000	3	60.0	2.07	1.14	0.69	3.31	100.0	55.0	57.00	3.46	8857	5.4	0.00	3
solo_p_inter	recocido_simulado	gdb2	26	339.0	BKS	5	2.1239	1.5385	0.5900	4.7198	1.7699	0	0.0	27.35	17.13	8.63	41.40	100.0	341.0	346.20	5.22	61246	14.2	0.00	1
solo_p_inter	recocido_simulado	gdb20	22	121.0	BKS	5	4.9587	1.8480	2.4793	7.4380	4.9587	0	0.0	9.69	9.03	4.60	25.64	100.0	124.0	127.00	2.24	31460	18.4	0.00	1
solo_p_inter	recocido_simulado	gdb21	33	156.0	BKS	5	1.2821	1.2821	0.0000	2.5641	1.2821	2	40.0	18.08	6.74	13.75	29.90	100.0	156.0	158.00	2.00	57935	34.6	0.00	1
solo_p_inter	recocido_simulado	gdb3	22	275.0	BKS	5	2.4727	3.3957	0.0000	6.5455	0.0000	3	60.0	9.17	7.49	5.42	22.55	100.0	275.0	281.80	9.34	25265	7.6	0.00	1
solo_p_inter	recocido_simulado	gdb4	19	287.0	BKS	5	1.3937	2.2715	0.0000	5.2265	0.0000	3	60.0	3.61	0.36	3.04	3.98	100.0	287.0	291.00	6.52	11769	10.6	0.00	1
solo_p_inter	recocido_simulado	gdb5	26	377.0	BKS	5	2.8647	2.0061	1.0610	5.3050	1.5915	0	0.0	14.60	14.95	6.76	41.30	100.0	381.0	387.80	7.56	35152	17.6	0.00	1
solo_p_inter	recocido_simulado	gdb6	22	298.0	BKS	5	8.1208	3.4090	5.0336	11.7450	7.0470	0	0.0	25.96	20.13	9.37	61.03	100.0	313.0	322.20	10.16	69212	3.0	0.00	4
solo_p_inter	recocido_simulado	gdb7	22	325.0	BKS	5	3.2615	3.0037	0.0000	6.4615	1.8462	1	20.0	11.62	6.03	4.99	19.18	100.0	325.0	335.60	9.76	33783	2.4	0.00	2
solo_p_inter	recocido_simulado	kshs1	15	14661.0	BKS	5	2.3054	2.3983	0.4638	6.4252	1.6302	0	0.0	2.25	0.42	1.88	2.96	100.0	14729.0	14999.00	351.62	6930	12.2	0.00	2
solo_p_inter	recocido_simulado	kshs2	15	9863.0	BKS	5	0.7483	0.6240	0.0000	1.6121	0.9125	1	20.0	3.60	2.72	1.74	8.41	100.0	9863.0	9936.80	61.54	10980	13.0	0.00	3
solo_p_inter	recocido_simulado	kshs3	15	9320.0	BKS	5	1.1395	1.5221	0.0000	3.7124	0.9335	2	40.0	6.02	6.07	1.60	14.91	100.0	9320.0	9426.20	141.86	19215	16.8	0.00	2
solo_p_inter	recocido_simulado	kshs4	15	11498.0	BKS	5	5.7453	4.3866	0.0000	10.7410	5.1922	1	20.0	8.26	5.50	1.84	13.51	100.0	11498.0	12158.60	504.38	27450	19.4	0.00	1
solo_p_inter	recocido_simulado	kshs5	15	10957.0	BKS	5	4.8207	3.3001	0.0000	8.2687	5.7132	1	20.0	4.76	4.06	1.72	10.87	100.0	10957.0	11485.20	361.59	15930	17.0	0.00	1
solo_p_inter	recocido_simulado	kshs6	15	10197.0	BKS	5	2.1497	1.7163	1.0591	4.9819	1.0591	0	0.0	1.71	0.11	1.59	1.83	100.0	10305.0	10416.20	175.01	5850	15.4	0.00	3
solo_p_inter	tabu_reactiva	gdb1		316.0	BKS	5	1.5190	1.0107	0.0000	2.2152	2.2152	1	20.0	5.17	0.77	4.11	6.14	100.0	316.0	320.80	3.19	377	4.6	0.00	1
solo_p_inter	tabu_reactiva	gdb10		275.0	BKS	5	8.4364	2.0148	6.1818	10.9091	7.6364	0	0.0	5.94	2.30	3.67	9.32	100.0	292.0	298.20	5.54	326	3.8	0.00	2
solo_p_inter	tabu_reactiva	gdb12		458.0	BKS	5	9.2576	2.6768	6.1135	13.5371	8.9520	0	0.0	9.78	0.82	8.55	10.56	100.0	486.0	500.40	12.26	460	22.0	0.00	2
solo_p_inter	tabu_reactiva	gdb13		536.0	BKS	5	12.6866	2.2964	9.1418	15.2985	13.0597	0	0.0	10.58	2.83	5.88	12.44	100.0	585.0	604.00	12.31	492	20.0	0.00	2
solo_p_inter	tabu_reactiva	gdb14		100.0	BKS	5	0.8000	1.0954	0.0000	2.0000	0.0000	3	60.0	3.94	1.19	1.91	4.84	100.0	100.0	100.80	1.10	346	14.0	0.00	2
solo_p_inter	tabu_reactiva	gdb15		58.0	BKS	5	0.0000	0.0000	0.0000	0.0000	0.0000	5	100.0	1.83	0.37	1.49	2.34	100.0	58.0	58.00	0.00	173	3.0	0.00	2
solo_p_inter	tabu_reactiva	gdb16		127.0	BKS	5	3.1496	1.9287	0.0000	4.7244	3.1496	1	20.0	8.35	2.46	5.33	10.42	100.0	127.0	131.00	2.45	436	13.8	0.00	2
solo_p_inter	tabu_reactiva	gdb17		91.0	BKS	5	0.0000	0.0000	0.0000	0.0000	0.0000	5	100.0	6.55	2.50	3.31	9.80	100.0	91.0	91.00	0.00	375	1.0	0.00	2
solo_p_inter	tabu_reactiva	gdb19		55.0	BKS	5	6.5455	5.9752	0.0000	14.5455	3.6364	1	20.0	0.52	0.15	0.37	0.76	100.0	55.0	58.60	3.29	112	4.0	0.00	4
solo_p_inter	tabu_reactiva	gdb2		339.0	BKS	5	4.1298	2.0007	1.7699	6.4897	4.7198	0	0.0	9.78	0.67	8.72	10.31	100.0	345.0	353.00	6.78	496	10.4	0.00	2
solo_p_inter	tabu_reactiva	gdb20		121.0	BKS	5	8.4298	2.5067	4.9587	10.7438	9.9174	0	0.0	3.52	1.49	1.73	4.92	100.0	127.0	131.20	3.03	278	10.4	0.00	3
solo_p_inter	tabu_reactiva	gdb21		156.0	BKS	5	6.5385	1.8908	4.4872	9.6154	6.4103	0	0.0	8.23	2.13	4.77	9.68	100.0	163.0	166.20	2.95	575	18.2	0.00	2
solo_p_inter	tabu_reactiva	gdb3		275.0	BKS	5	2.8364	1.4177	1.4545	4.7273	2.9091	0	0.0	5.57	1.42	3.11	6.58	100.0	279.0	282.80	3.90	390	9.6	0.00	2
solo_p_inter	tabu_reactiva	gdb4		287.0	BKS	5	5.1568	4.7545	1.7422	11.4983	1.7422	0	0.0	1.73	0.74	1.20	3.02	100.0	292.0	301.80	13.65	185	6.2	0.00	3
solo_p_inter	tabu_reactiva	gdb5		377.0	BKS	5	4.9867	1.2638	3.1830	6.6313	4.7745	0	0.0	9.03	2.51	4.72	11.25	100.0	389.0	395.80	4.76	463	11.0	0.00	2
solo_p_inter	tabu_reactiva	gdb6		298.0	BKS	5	6.5101	2.0218	4.0268	9.0604	6.7114	0	0.0	4.16	2.11	1.68	6.71	100.0	310.0	317.40	6.02	300	2.4	0.00	2
solo_p_inter	tabu_reactiva	gdb7		325.0	BKS	5	2.8923	0.8024	1.8462	4.0000	3.0769	0	0.0	5.33	1.85	3.23	7.22	100.0	331.0	334.40	2.61	353	2.4	0.00	1
solo_p_inter	tabu_reactiva	kshs1		14661.0	BKS	5	2.8511	3.1652	0.0000	7.9667	2.7283	1	20.0	1.90	0.63	0.80	2.30	100.0	14661.0	15079.00	464.04	261	9.0	0.00	3
solo_p_inter	tabu_reactiva	kshs2		9863.0	BKS	5	0.3833	0.6995	0.0000	1.6121	0.0000	3	60.0	2.14	0.58	1.32	2.63	100.0	9863.0	9900.80	68.99	279	10.0	0.00	1
solo_p_inter	tabu_reactiva	kshs3		9320.0	BKS	5	2.3519	1.4605	0.0000	3.7124	2.3176	1	20.0	2.22	0.19	1.93	2.38	100.0	9320.0	9539.20	136.12	300	9.8	0.00	3
solo_p_inter	tabu_reactiva	kshs4		11498.0	BKS	5	13.5432	2.9107	9.0798	17.1595	13.7937	0	0.0	2.15	0.45	1.37	2.46	100.0	12542.0	13055.20	334.67	272	14.2	0.00	5
solo_p_inter	tabu_reactiva	kshs5		10957.0	BKS	5	10.1086	4.5220	3.1213	14.1097	10.4956	0	0.0	1.65	0.48	1.06	2.26	100.0	11299.0	12064.60	495.48	243	14.4	0.00	3
solo_p_inter	tabu_reactiva	kshs6		10197.0	BKS	5	1.2023	2.1460	0.0000	4.9524	0.0000	3	60.0	1.48	0.37	1.08	1.94	100.0	10197.0	10319.60	218.82	235	10.0	0.00	2
warmstart_greedy	busqueda_abejas_simple	gdb19	11	55.0	BKS	1	0.0000	0.0000	0.0000	0.0000	0.0000	1	100.0	3.85	0.00	3.85	3.85	100.0	55.0	55.00	0.00	2200	4.0	6.00	1
warmstart_greedy	busqueda_abejas_simple	kshs1	15	14661.0	BKS	1	2.6397	0.0000	2.6397	2.6397	2.6397	0	0.0	6.48	0.00	6.48	6.48	100.0	15048.0	15048.00	0.00	3000	13.0	7.00	4
warmstart_greedy	busqueda_tabu_simple	gdb19		55.0	BKS	1	0.0000	0.0000	0.0000	0.0000	0.0000	1	100.0	22.66	0.00	22.66	22.66	100.0	55.0	55.00	0.00	10000	4.0	32.00	2
warmstart_greedy	busqueda_tabu_simple	kshs1		14661.0	BKS	1	0.0000	0.0000	0.0000	0.0000	0.0000	1	100.0	28.73	0.00	28.73	28.73	100.0	14661.0	14661.00	0.00	10000	11.0	31.00	1
warmstart_greedy	cuckoo_search	gdb19	11	55.0	BKS	1	10.9091	0.0000	10.9091	10.9091	10.9091	0	0.0	5.25	0.00	5.25	5.25	100.0	61.0	61.00	0.00	2200	3.0	7.00	5
warmstart_greedy	cuckoo_search	kshs1	15	14661.0	BKS	1	3.2604	0.0000	3.2604	3.2604	3.2604	0	0.0	8.50	0.00	8.50	8.50	100.0	15139.0	15139.00	0.00	3000	9.0	10.00	5
warmstart_greedy	recocido_simulado	gdb19	11	55.0	BKS	1	0.0000	0.0000	0.0000	0.0000	0.0000	1	100.0	3.32	0.00	3.32	3.32	100.0	55.0	55.00	0.00	29282	6.0	10.00	3
warmstart_greedy	recocido_simulado	kshs1	15	14661.0	BKS	1	0.0000	0.0000	0.0000	0.0000	0.0000	1	100.0	9.41	0.00	9.41	9.41	100.0	14661.0	14661.00	0.00	73800	10.0	13.00	2
warmstart_greedy	tabu_reactiva	gdb19		55.0	BKS	1	0.0000	0.0000	0.0000	0.0000	0.0000	1	100.0	20.48	0.00	20.48	20.48	100.0	55.0	55.00	0.00	10000	5.0	0.00	4
warmstart_greedy	tabu_reactiva	kshs1		14661.0	BKS	1	0.0000	0.0000	0.0000	0.0000	0.0000	1	100.0	34.81	0.00	34.81	34.81	100.0	14661.0	14661.00	0.00	10000	9.0	0.00	3
